person 0.8535714285714285 0.8883928571428571 0.06142857142857143 0.20089285714285715
person 0.09714285714285714 0.8939732142857143 0.07142857142857142 0.18526785714285715
person 0.645 0.8638392857142857 0.041428571428571426 0.14732142857142858
person 0.23714285714285716 0.8292410714285714 0.025714285714285714 0.09151785714285714
person 0.9185714285714286 0.8337053571428571 0.025714285714285714 0.10491071428571429
person 0.27285714285714285 0.8314732142857143 0.022857142857142857 0.09151785714285714
car 0.42714285714285716 0.8325892857142857 0.054285714285714284 0.07589285714285714
person 0.18214285714285713 0.8303571428571429 0.02142857142857143 0.08928571428571429
bus 0.37142857142857144 0.7912946428571429 0.13714285714285715 0.10044642857142858
person 0.15857142857142856 0.8270089285714286 0.02 0.08705357142857142
truck 0.5464285714285714 0.8024553571428571 0.04428571428571428 0.07366071428571429
person 0.8885714285714286 0.8325892857142857 0.022857142857142857 0.09821428571428571
truck 0.7592857142857142 0.8292410714285714 0.08428571428571428 0.11383928571428571
car 0.4735714285714286 0.8180803571428571 0.06142857142857143 0.09598214285714286
car 0.36142857142857143 0.8448660714285714 0.07428571428571429 0.10491071428571429
person 0.21714285714285714 0.828125 0.017142857142857144 0.08482142857142858
person 0.1442857142857143 0.8337053571428571 0.02 0.10044642857142858
person 0.20357142857142857 0.8303571428571429 0.018571428571428572 0.08482142857142858
car 0.6964285714285714 0.8337053571428571 0.032857142857142856 0.07366071428571429
traffic-light 0.05857142857142857 0.6082589285714286 0.02857142857142857 0.09598214285714286
traffic-light 0.8178571428571428 0.4609375 0.032857142857142856 0.10044642857142858
traffic-light 0.4785714285714286 0.5915178571428571 0.0 0.0
