car 0.8228571428571428 0.904467680608365 0.3142857142857143 0.15114068441064638
car 0.4878571428571429 0.8949619771863118 0.2671428571428571 0.17395437262357413
car 0.5528571428571428 0.7381178707224335 0.17142857142857143 0.07889733840304182
car 0.05142857142857143 0.7932509505703422 0.09714285714285714 0.12072243346007605
car 0.24857142857142858 0.7609315589353612 0.22 0.07889733840304182
car 0.05071428571428571 0.6777566539923955 0.10428571428571429 0.07604562737642585
car 0.045714285714285714 0.904467680608365 0.09714285714285714 0.14163498098859315
car 0.22071428571428572 0.8374524714828897 0.23 0.1634980988593156
car 0.5292857142857142 0.7942015209125475 0.19285714285714287 0.0903041825095057
car 0.8171428571428572 0.7134030418250951 0.1742857142857143 0.10931558935361217
car 0.7478571428571429 0.6378326996197718 0.11571428571428571 0.08555133079847908
bus 0.46785714285714286 0.37880228136882127 0.08428571428571428 0.09600760456273764
car 0.7035714285714286 0.5822243346007605 0.10428571428571429 0.06178707224334601
car 0.7364285714285714 0.44866920152091255 0.08142857142857143 0.055133079847908745
truck 0.26071428571428573 0.6330798479087453 0.15285714285714286 0.13498098859315588
car 0.10714285714285714 0.6302281368821293 0.13428571428571429 0.09315589353612168
car 0.5857142857142857 0.4130228136882129 0.07142857142857142 0.04467680608365019
car 0.8292857142857143 0.5475285171102662 0.08428571428571428 0.07604562737642585
person 0.19714285714285715 0.5361216730038023 0.04 0.051330798479087454
car 0.8142857142857143 0.49524714828897337 0.09714285714285714 0.04752851711026616
car 0.425 0.4866920152091255 0.07571428571428572 0.03802281368821293
person 0.21714285714285714 0.376425855513308 0.017142857142857144 0.03231939163498099
car 0.5171428571428571 0.6825095057034221 0.14 0.07604562737642585
car 0.4471428571428571 0.44866920152091255 0.08 0.03802281368821293
car 0.6792857142857143 0.5313688212927756 0.10714285714285714 0.045627376425855515
truck 0.3407142857142857 0.35361216730038025 0.07571428571428572 0.06653992395437262
car 0.33071428571428574 0.41017110266159695 0.06714285714285714 0.03897338403041825
car 0.6071428571428571 0.4296577946768061 0.08857142857142856 0.039923954372623575
car 0.5785714285714286 0.375 0.07428571428571429 0.05228136882129278
bus 0.5457142857142857 0.34077946768060835 0.07142857142857142 0.0370722433460076
car 0.3157142857142857 0.435361216730038 0.07714285714285714 0.03612167300380228
bus 0.31214285714285717 0.5242395437262357 0.15571428571428572 0.11692015209125475
car 0.9328571428571428 0.6335551330798479 0.11142857142857143 0.08650190114068441
car 0.9635714285714285 0.6673003802281369 0.06714285714285714 0.07604562737642585
car 0.35714285714285715 0.6230988593155894 0.054285714285714284 0.08460076045627377
car 0.4928571428571429 0.4695817490494297 0.07428571428571429 0.03802281368821293
car 0.17357142857142857 0.7138783269961977 0.16714285714285715 0.10646387832699619
car 0.6807142857142857 0.37785171102661597 0.06714285714285714 0.04277566539923954
car 0.7192857142857143 0.41159695817490494 0.07285714285714286 0.04182509505703422
truck 0.8678571428571429 0.783745247148289 0.22714285714285715 0.16064638783269963
car 0.6392857142857142 0.4876425855513308 0.10428571428571429 0.049429657794676805
car 0.7742857142857142 0.47243346007604564 0.08 0.045627376425855515
person 0.18785714285714286 0.4667300380228137 0.027142857142857142 0.045627376425855515
person 0.935 0.3911596958174905 0.015714285714285715 0.029467680608365018
traffic-cones 0.8235714285714286 0.38925855513307983 0.027142857142857142 0.03897338403041825
